31 31
O0000000OOOO...0...O0000000OOOO
O0000000OOOO...0...OOO0000OO000
O0000000OOOO...0...OOO0000OO000
O0000000OOOO...0...OOO0000OO000
O0000000OOOO...0...OOO0000OO000
O0000000OOOO...0...OOO0000OO000
O0000000OOOO...0...OOO0000OO000
O0000000OOOO...0...OOO0000OO000
O0000000OOOO...0...OOO0000OO000
O0000000OOOO...0...OOO0000OO000
O0000000OOOO...0...OOO0000OO000
O0000000OOOO...0...OOO0000OO000
...............................
...............................
...............................
O0000000OOOO.......O0000000OOOO
...............................
...............................
...............................
000000000000...0...000000000000
000000000000...0...000000000000
O0000000OOOO...0...OOO0000OO000
O0000000OOOO...0...OOO0000OO000
O0000000OOOO...0...OOO0000OO000
O0000000OOOO...0...OOO0000OO000
O0000000OOOO...0...OOO0000OO000
O0000000OOOO...0...OOO0000OO000
000000000000...0...000000000000
000000000000...0...000000000000
000000000000...0...000000000000
000000000000...0...000000000000
0 85
1  12 12 0
2  12 12 0
3  12 30 12
5  12 30 12
7  12 30 12
8  12 30 12
9  12 12 0
10 12 30 12
11 12 12 0
2  13 30 13
3  13 30 13
4  13 12 0
5  13 30 13
6  13 30 13
8  13 30 13
9  13 30 13
10 13 30 13
11 13 30 13
4  14 30 14
5  14 30 14
6  14 30 14
7  14 16 30
9  14 16 30
10 14 30 14
11 14 16 30
19 16 14 0
20 16 14 0
22 16 0  16
24 16 0  16 
26 16 14 0
19 17 0  17
21 17 0  17
23 17 0  17
25 17 0  17
26 17 0  17
27 17 0  17
28 17 18 30 
29 17 0  17
19 18 0  18
24 18 18 30
25 18 18 30
26 18 0  18
29 18 0  18
16 11 0  16
16 10 0  16
16 8  16 30
16 7  16 30
16 5  16 30
16 4  0  16
16 1  16 30
17 11 17 30
17 10 17 30
17 9  17 30
17 6  17 30
17 4  17 30
17 3  17 30
17 1  17 30
18 10 18 30
18 8  18 30
18 6  18 30
18 5  30 12
18 4  30 12
18 3  18 30
18 2  30 12
18 1  30 12
12 19 12 0
12 20 12 0
12 21 0  18
12 22 0  18
12 24 12 0
12 27 12 0
12 28 0  18
12 29 0  18
13 18 13 0
13 19 13 0
13 22 13 0
13 25 13 0
13 26 13 0
13 27 13 0
13 29 13 0
14 20 14 0
14 21 30 14
14 25 30 14
14 26 30 14
14 28 14 0
6 8
1  12 12 0
1  14 16 30
29 17 0  17
29 18 0  18
12 29 0  11
13 29 13 0
17 1  17 30
18 1  30 12

